"diff"	"lwr"	"upr"	"p adj"
"Sediment-Water"	-0.0524076932469522	-0.123738236545562	0.0189228500516572	0.400346662990249
"Eggs.11.15-Water"	-0.052399956109194	-0.139220728561966	0.0344208163435778	0.711009764758822
"Tadpole.20.22-Water"	-0.655887672051477	-0.899527860481476	-0.412247483621477	1.63202784619898e-13
"Tadpole.23.25-Water"	-0.157385416227769	-0.333719238659388	0.0189484062038507	0.132852067099267
"Tadpole.25.27-Water"	-0.0175324447911003	-0.102240473109208	0.0671755835270076	0.999967352206598
"Tadpole.27.29-Water"	-0.026016689575022	-0.0951262802004002	0.0430929010503562	0.988049323108024
"Tadpole.29.31-Water"	-0.0833887842838739	-0.182854474698715	0.016076906130967	0.203444608926903
"Tadpole.31.35-Water"	-0.0446333943225461	-0.144099084737387	0.0548322960922948	0.951881856905771
"Tadpole.36.39-Water"	-0.134607291914083	-0.253491530745099	-0.0157230530830678	0.0121510020951436
"Metamorph.40.46-Water"	-0.0637891472112033	-0.135119690509813	0.00754139608740605	0.130952512640007
"Subadult-Water"	-0.144178494510895	-0.26306273334191	-0.025294255679879	0.00464889237536115
"Adult-Water"	-0.13059498335218	-0.210344955196022	-0.050845011508339	1.09626564511744e-05
"Eggs.11.15-Sediment"	7.73713775814588e-06	-0.0834938079952439	0.0835092822707602	1
"Tadpole.20.22-Sediment"	-0.603479978804525	-0.845957200267714	-0.361002757341335	2.4606983117792e-12
"Tadpole.23.25-Sediment"	-0.104977722980817	-0.279701157137912	0.0697457111762784	0.71708508868461
"Tadpole.25.27-Sediment"	0.0348752484558519	-0.0464273441955769	0.116177841107281	0.96564509172192
"Tadpole.27.29-Sediment"	0.0263910036719301	-0.0384996507145851	0.0912816580584454	0.977363581406497
"Tadpole.29.31-Sediment"	-0.0309810910369217	-0.12756310323383	0.0656009211599868	0.997151173528847
"Tadpole.31.35-Sediment"	0.00777429892440606	-0.0888077132725024	0.104356311121315	0.999999999355813
"Tadpole.36.39-Sediment"	-0.0821995986671312	-0.198681888105195	0.0342826907709321	0.467433690111404
"Metamorph.40.46-Sediment"	-0.0113814539642512	-0.0786325351271409	0.0558696271986386	0.999996462693381
"Subadult-Sediment"	-0.0917708012639424	-0.208253090702006	0.0247114881741209	0.289713206278342
"Adult-Sediment"	-0.0781872901052282	-0.154310345215991	-0.00206423499446502	0.0380884945783661
"Tadpole.20.22-Eggs.11.15"	-0.603487715942283	-0.850964993789219	-0.356010438095346	6.38467057001435e-12
"Tadpole.23.25-Eggs.11.15"	-0.104985460118575	-0.286584134578687	0.0766132143415377	0.765875866583531
"Tadpole.25.27-Eggs.11.15"	0.0348675113180937	-0.0603160570845742	0.130051079720762	0.990547466040506
"Tadpole.27.29-Eggs.11.15"	0.026383266534172	-0.0552292150402254	0.107995748108569	0.99693660681881
"Tadpole.29.31-Eggs.11.15"	-0.0309888281746798	-0.139514793740645	0.0775371373912849	0.999071111290374
"Tadpole.31.35-Eggs.11.15"	0.00776656178664792	-0.100759403779317	0.116292527352613	0.999999999839903
"Tadpole.36.39-Eggs.11.15"	-0.0822073358048894	-0.208769272716245	0.0443546011064662	0.603074053994855
"Metamorph.40.46-Eggs.11.15"	-0.0113891911020093	-0.0948907362350114	0.0721123540309927	0.999999695040003
"Subadult-Eggs.11.15"	-0.0917785384017006	-0.218340475313056	0.034783398509655	0.422002903004592
"Adult-Eggs.11.15"	-0.0781950272429863	-0.168994364473043	0.0126043099870699	0.171000413760991
"Tadpole.23.25-Tadpole.20.22"	0.498502255823708	0.20729653222855	0.789707979418866	3.31383418950004e-06
"Tadpole.25.27-Tadpole.20.22"	0.638355227260376	0.391611217033633	0.88509923748712	4.58855176077577e-13
"Tadpole.27.29-Tadpole.20.22"	0.629870982476455	0.3880377919553	0.87170417299761	3.57713858534225e-13
"Tadpole.29.31-Tadpole.20.22"	0.572498887767603	0.320307333406766	0.824690442128439	1.61454627445323e-10
"Tadpole.31.35-Tadpole.20.22"	0.611254277728931	0.359062723368094	0.863445832089767	8.48243697504358e-12
"Tadpole.36.39-Tadpole.20.22"	0.521280380137393	0.260818062779078	0.781742697495709	2.3116152769731e-08
"Metamorph.40.46-Tadpole.20.22"	0.592098524840273	0.349621303377084	0.834575746303463	5.99065241857488e-12
"Subadult-Tadpole.20.22"	0.511709177540582	0.251246860182267	0.772171494898897	4.44756707018712e-08
"Adult-Tadpole.20.22"	0.525292688699296	0.280206551738579	0.770378825660013	1.74264380703448e-09
"Tadpole.25.27-Tadpole.23.25"	0.139852971436669	-0.0407451517482508	0.320451094621588	0.315967914354926
"Tadpole.27.29-Tadpole.23.25"	0.131368726652747	-0.0424598312794333	0.305197284584927	0.354413261986806
"Tadpole.29.31-Tadpole.23.25"	0.0739966319438949	-0.113975854356826	0.261969118244616	0.982629125253975
"Tadpole.31.35-Tadpole.23.25"	0.112752021905223	-0.0752204643954987	0.300724508205944	0.719284780417256
"Tadpole.36.39-Tadpole.23.25"	0.0227781243136854	-0.176153256515996	0.221709505143367	0.999999959682163
"Metamorph.40.46-Tadpole.23.25"	0.0935962690165655	-0.0811271651405295	0.26831970317366	0.845599825651869
"Subadult-Tadpole.23.25"	0.0132069217168742	-0.185724459112808	0.212138302546556	0.99999999993431
"Adult-Tadpole.23.25"	0.0267904328755885	-0.151535925370935	0.205116791122112	0.999999079405577
"Tadpole.27.29-Tadpole.25.27"	-0.00848424478392173	-0.0878454486619927	0.0708769590941492	0.999999981889228
"Tadpole.29.31-Tadpole.25.27"	-0.0658563394927736	-0.172699630036777	0.0409869510512299	0.68176182519044
"Tadpole.31.35-Tadpole.25.27"	-0.0271009495314458	-0.133944240075449	0.0797423410125577	0.999718927153805
"Tadpole.36.39-Tadpole.25.27"	-0.117074847122983	-0.242196897166128	0.00804720292016214	0.0915686233262724
"Metamorph.40.46-Tadpole.25.27"	-0.046256702420103	-0.127559295071532	0.0350458902313258	0.784480069868094
"Subadult-Tadpole.25.27"	-0.126646049719794	-0.25176809976294	-0.00152399967664907	0.0443009005740629
"Adult-Tadpole.25.27"	-0.11306253856108	-0.201843860772809	-0.024281216349351	0.00215396473230378
"Tadpole.29.31-Tadpole.27.29"	-0.0573720947088519	-0.152325631710568	0.0375814422928647	0.709504840060324
"Tadpole.31.35-Tadpole.27.29"	-0.0186167047475241	-0.113570241749241	0.0763368322541925	0.999981911672854
"Tadpole.36.39-Tadpole.27.29"	-0.108590602339061	-0.223726230455928	0.00654502577780497	0.0856137038122753
"Metamorph.40.46-Tadpole.27.29"	-0.0377724576361813	-0.102663112022697	0.0271181967503339	0.757601824829235
"Subadult-Tadpole.27.29"	-0.118161804935873	-0.233297433052739	-0.00302617681900624	0.0384139377493724
"Adult-Tadpole.27.29"	-0.104578293777158	-0.178624283732921	-0.0305323038213959	0.000325983287971843
"Tadpole.31.35-Tadpole.29.31"	0.0387553899613278	-0.0801288488696879	0.157639628792343	0.996688148783951
"Tadpole.36.39-Tadpole.29.31"	-0.0512185076302095	-0.18676739517695	0.0843303799165312	0.987665092302065
"Metamorph.40.46-Tadpole.29.31"	0.0195996370726705	-0.0769823751242379	0.116181649269579	0.999973649477014
"Subadult-Tadpole.29.31"	-0.0607897102270207	-0.196338597773761	0.07475917731972	0.952085878431494
"Adult-Tadpole.29.31"	-0.0472061990683065	-0.150162970005542	0.0557505718689295	0.943779125456247
"Tadpole.36.39-Tadpole.31.35"	-0.0899738975915373	-0.225522785138278	0.0455749899552034	0.568539807271109
"Metamorph.40.46-Tadpole.31.35"	-0.0191557528886572	-0.115737765085566	0.0774262593082512	0.999979476592595
"Subadult-Tadpole.31.35"	-0.0995451001883485	-0.235093987735089	0.0360037873583922	0.401089239398681
"Adult-Tadpole.31.35"	-0.0859615890296342	-0.18891835996687	0.0169951819076017	0.208685464296053
"Metamorph.40.46-Tadpole.36.39"	0.0708181447028801	-0.0456641447351833	0.187300434140943	0.701016133716507
"Subadult-Tadpole.36.39"	-0.00957120259681121	-0.159949191637388	0.140806786443766	0.999999999960228
"Adult-Tadpole.36.39"	0.00401230856190304	-0.117807785653097	0.125832402776903	1
"Subadult-Metamorph.40.46"	-0.0803893472996913	-0.196871636737755	0.0360929421383721	0.50458002721069
"Adult-Metamorph.40.46"	-0.066805836140977	-0.14292889125174	0.00931721896978614	0.150120995381346
"Adult-Subadult"	0.0135835111587143	-0.108236583056286	0.135403605373714	0.999999970397513
